"age", "gender", "signed_in", "avg_click", "avg_impressions", "max_click", "max_impressions"
0,0,0,0.1421,4.9996,4,18,
7,0,1,0.7500,5.0000,1,7,
7,1,1,0.0000,6.0000,0,6,
8,0,1,0.0000,6.3333,0,10,
8,1,1,0.3333,6.2500,1,11,
9,0,1,0.1250,5.6875,1,10,
9,1,1,0.0938,5.4375,1,9,
10,0,1,0.1250,5.2188,1,11,
10,1,1,0.1852,4.6543,1,11,
11,0,1,0.1290,4.9140,2,13,
11,1,1,0.1263,5.1842,1,13,
12,0,1,0.1500,4.7550,2,16,
12,1,1,0.1606,4.9534,2,13,
13,0,1,0.1455,4.9879,2,12,
13,1,1,0.1509,4.9986,2,15,
14,0,1,0.1316,4.9906,2,14,
14,1,1,0.1349,5.0556,3,15,
15,0,1,0.1765,4.9647,2,15,
15,1,1,0.1379,4.9345,3,14,
16,0,1,0.1590,4.9143,2,16,
16,1,1,0.1483,5.0234,3,16,
17,0,1,0.1579,5.1394,2,12,
17,1,1,0.1505,5.0237,3,15,
18,0,1,0.0810,5.0091,2,16,
18,1,1,0.0875,4.9509,2,17,
19,0,1,0.0455,5.0757,2,17,
19,1,1,0.0500,4.9646,2,16,
20,0,1,0.0493,4.9622,2,15,
20,1,1,0.0439,4.9769,2,16,
21,0,1,0.0492,5.0589,2,14,
21,1,1,0.0492,5.0557,2,14,
22,0,1,0.0476,4.9790,2,14,
22,1,1,0.0504,5.0183,2,14,
23,0,1,0.0534,5.0186,2,15,
23,1,1,0.0484,5.0181,2,14,
24,0,1,0.0432,4.9205,1,15,
24,1,1,0.0489,4.9723,2,15,
25,0,1,0.0422,4.9030,2,15,
25,1,1,0.0470,5.1227,2,15,
26,0,1,0.0489,5.0188,2,14,
26,1,1,0.0515,5.0142,2,13,
27,0,1,0.0477,4.9981,2,13,
27,1,1,0.0536,4.9684,2,14,
28,0,1,0.0514,5.0591,2,16,
28,1,1,0.0450,4.8557,2,14,
29,0,1,0.0523,5.0010,2,15,
29,1,1,0.0434,4.9051,2,15,
30,0,1,0.0538,5.0013,2,14,
30,1,1,0.0578,5.0091,2,14,
31,0,1,0.0489,5.0088,2,13,
31,1,1,0.0568,5.0012,2,15,
32,0,1,0.0532,5.0122,2,15,
32,1,1,0.0524,5.0153,2,14,
33,0,1,0.0518,4.9977,2,13,
33,1,1,0.0471,5.0211,2,14,
34,0,1,0.0596,5.0447,1,17,
34,1,1,0.0384,4.9599,2,15,
35,0,1,0.0492,5.0151,2,14,
35,1,1,0.0514,5.0480,2,13,
36,0,1,0.0502,5.0037,2,14,
36,1,1,0.0468,4.9838,3,14,
37,0,1,0.0574,5.0399,2,16,
37,1,1,0.0494,5.0354,2,20,
38,0,1,0.0519,4.9816,2,14,
38,1,1,0.0572,5.0134,2,15,
39,0,1,0.0462,5.0872,2,15,
39,1,1,0.0535,5.0278,2,14,
40,0,1,0.0507,5.0267,2,14,
40,1,1,0.0477,5.0839,2,15,
41,0,1,0.0510,4.9981,2,14,
41,1,1,0.0538,5.0686,2,16,
42,0,1,0.0524,4.9834,2,16,
42,1,1,0.0548,5.0299,2,15,
43,0,1,0.0471,4.9978,2,14,
43,1,1,0.0550,4.9770,2,17,
44,0,1,0.0628,4.9705,2,13,
44,1,1,0.0462,5.0467,2,15,
45,0,1,0.0501,5.0653,2,15,
45,1,1,0.0591,5.0181,2,14,
46,0,1,0.0601,5.0080,2,15,
46,1,1,0.0396,4.9904,2,14,
47,0,1,0.0509,5.0024,2,17,
47,1,1,0.0490,5.0934,2,16,
48,0,1,0.0568,5.0477,2,14,
48,1,1,0.0507,4.9343,2,14,
49,0,1,0.0472,4.9761,2,16,
49,1,1,0.0456,4.9891,2,16,
50,0,1,0.0497,5.0021,2,14,
50,1,1,0.0522,5.0593,2,14,
51,0,1,0.0452,5.0118,2,14,
51,1,1,0.0507,5.0405,2,15,
52,0,1,0.0509,4.9927,2,13,
52,1,1,0.0521,4.9855,2,15,
53,0,1,0.0491,4.9636,2,14,
53,1,1,0.0545,5.0208,2,14,
54,0,1,0.0461,5.0710,2,15,
54,1,1,0.0466,4.9893,1,15,
55,0,1,0.0954,5.0017,2,13,
55,1,1,0.0927,5.0353,2,14,
56,0,1,0.0908,4.9281,2,15,
56,1,1,0.1089,5.0506,3,14,
57,0,1,0.0987,5.0365,2,15,
57,1,1,0.1025,5.0209,3,15,
58,0,1,0.1123,5.0393,2,13,
58,1,1,0.0880,5.0448,2,14,
59,0,1,0.0986,5.0222,3,13,
59,1,1,0.1023,5.0076,3,13,
60,0,1,0.1042,4.9931,2,13,
60,1,1,0.1001,5.0203,3,15,
61,0,1,0.1018,4.9836,3,13,
61,1,1,0.1006,5.0386,2,14,
62,0,1,0.1009,5.0371,2,14,
62,1,1,0.1061,5.0263,2,16,
63,0,1,0.1010,5.1092,2,14,
63,1,1,0.1098,4.9449,2,13,
64,0,1,0.1146,5.1061,2,13,
64,1,1,0.1107,5.0471,2,14,
65,0,1,0.1286,5.0653,2,13,
65,1,1,0.1421,5.0572,3,13,
66,0,1,0.1718,4.9291,3,15,
66,1,1,0.1614,5.0917,2,13,
67,0,1,0.1482,5.0111,2,15,
67,1,1,0.1365,4.9950,2,12,
68,0,1,0.1434,5.0316,3,16,
68,1,1,0.1675,4.9501,2,12,
69,0,1,0.1394,5.1261,2,15,
69,1,1,0.1477,5.0745,2,14,
70,0,1,0.1690,5.1078,2,12,
70,1,1,0.1531,5.0179,2,16,
71,0,1,0.1505,5.0000,3,13,
71,1,1,0.1568,4.9772,2,13,
72,0,1,0.1284,5.0531,2,13,
72,1,1,0.1334,4.9080,2,12,
73,0,1,0.1607,4.9662,2,14,
73,1,1,0.1468,5.0102,2,13,
74,0,1,0.1663,5.0749,2,14,
74,1,1,0.1815,4.9665,3,14,
75,0,1,0.1639,5.0187,2,13,
75,1,1,0.1532,4.9234,2,14,
76,0,1,0.1667,5.0485,2,12,
76,1,1,0.1457,4.9823,2,15,
77,0,1,0.1440,4.8804,2,15,
77,1,1,0.1341,5.1129,2,13,
78,0,1,0.1438,5.1832,2,13,
78,1,1,0.1278,5.0511,2,12,
79,0,1,0.1785,5.0328,2,14,
79,1,1,0.1848,5.1486,2,12,
80,0,1,0.1500,4.8167,2,13,
80,1,1,0.1624,4.7638,3,10,
81,0,1,0.1469,5.0309,2,13,
81,1,1,0.1391,4.8043,2,14,
82,0,1,0.1445,5.1388,2,14,
82,1,1,0.1897,5.0154,2,16,
83,0,1,0.1493,5.0716,3,13,
83,1,1,0.1689,4.9662,3,11,
84,0,1,0.1532,4.8992,2,12,
84,1,1,0.1322,4.9587,1,9,
85,0,1,0.0656,4.8470,1,11,
85,1,1,0.1217,4.8174,1,12,
86,0,1,0.1268,5.1197,3,14,
86,1,1,0.1512,4.7558,3,11,
87,0,1,0.1095,5.1095,1,12,
87,1,1,0.1081,4.9459,2,12,
88,0,1,0.1020,4.9796,1,11,
88,1,1,0.1754,5.0877,1,11,
89,0,1,0.0750,4.9625,1,12,
89,1,1,0.1250,5.0208,1,10,
90,0,1,0.1733,5.0400,2,10,
90,1,1,0.2258,5.1935,1,10,
91,0,1,0.0851,4.6596,1,12,
91,1,1,0.0800,4.4400,1,13,
92,0,1,0.0606,4.6970,1,9,
92,1,1,0.2121,5.0606,1,14,
93,0,1,0.2500,4.9286,1,8,
93,1,1,0.0000,5.2857,0,8,
94,0,1,0.1538,5.1923,2,9,
94,1,1,0.3478,4.6087,2,9,
95,0,1,0.1364,4.8636,1,9,
95,1,1,0.1538,5.0769,1,9,
96,0,1,0.0588,5.2353,1,10,
96,1,1,0.0000,5.5000,0,9,
97,0,1,0.1429,4.7143,1,6,
97,1,1,0.1429,5.1429,1,9,
98,0,1,0.2222,4.1111,1,7,
98,1,1,0.0000,4.0000,0,7,
99,0,1,0.2000,5.8000,1,7,
99,1,1,0.0000,8.0000,0,12,
100,0,1,0.0000,2.0000,0,2,
100,1,1,0.3333,2.6667,1,4,
101,0,1,0.0000,3.5000,0,5,
101,1,1,0.0000,4.5000,0,5,
102,1,1,0.0000,4.5000,0,6,
103,0,1,0.0000,4.0000,0,4,
103,1,1,0.0000,3.0000,0,3,
104,1,1,1.0000,6.0000,1,6,
107,1,1,0.5000,4.5000,1,5,
108,0,1,0.0000,3.0000,0,3,
